((("emacs" .
   [1 0 0 0 0])
  ("start" .
   [1 0 0 0 0])
  ("%" .
   [1])
  ("at" .
   [3 0])
  ("nums" .
   [5 0 0 0])
  ("matlab-settings" .
   [1 0 0 0 0 0 0 0 0 0 0 0 0 0 0])
  ("wakatime-python-bin" .
   [1 0 0 0 0 0 0 0 0 0 0 0 0 0 0 0 0 0 0])
  ("md" .
   [1 0])
  ("readme" .
   [2 0 0 0 0 0])
  ("nTemplate" .
   [1 0 0 0 0 0 0 0 0])
  ("define" .
   [1 0 0 0 0 0])
  ("**" .
   [1 0])
  ("chooseThresh" .
   [0 0 0 0 0 0 1 0 0 0 0 0])
  ("computeTemplate" .
   [0 0 0 0 0 0 0 1 0 0 0 0 0 0 0])
  ("pianoRoll" .
   [0 0 0 1 0 0 0 0 0])
  ("代码一些细节" .
   [1 0 0 0 0 0])
  ("*" .
   [21])
  ("参考" .
   [3 0])
  ("···" .
   [3 0 0])
  ("wakatime-cli-path" .
   [1 0 0 0 0 0 0 0 0 0 0 0 0 0 0 1 0])
  ("E:/Program" .
   [1 0 0 0 0 0 0 0 0 0])
  ("markdown-mode" .
   [1 0 0 0 0 0 0 0 0 0 0 0 0])
  ("markdown-settings" .
   [0 0 0 0 0 0 0 0 0 0 0 1 0 0 0 0 0])
  ("multimarkdown" .
   [1 0 0 0 0 0 0 0 0 0 0 0 0])
  ("markdown-command" .
   [1 0 0 0 0 0 0 0 0 0 0 0 0 0 0 0])
  ("custom-set-variables" .
   [0 0 0 0 0 0 0 0 0 0 0 0 0 1 0 0 0 0 0 0])
  ("mode" .
   [1 0 0 0])
  ("settings" .
   [1 0 0 0 0 0 0 0])
  ("customize-version-lessp" .
   [0 0 0 0 0 1 0 0 0 0 0 0 0 0 0 0 0 0 0 0 0 0 0])
  ("eval-buffer" .
   [0 0 0 0 0 0 0 1 0 0 0])
  ("h>" .
   [0 1])
  ("<part" .
   [1 0 0 0 0])
  ("addFaceLandmarks68points" .
   [0 0 0 0 0 0 0 0 0 0 0 0 0 0 0 0 0 0 0 0 1 0 0 0])
  ("macros-settings" .
   [0 0 0 0 0 0 0 0 0 0 0 0 0 0 1])
  ("ThreadTest" .
   [1 0 0 0 0 0 0 0 0 0])
  ("pp" .
   [2 0])
  ("version" .
   [2 0 0 0 0 0 0])
  ("topics" .
   [1 0 0 0 0 2])
  ("f" .
   [1])
  ("demo" .
   [2 0 0 0])
  ("python" .
   [3 0 0 0 0 0])
  ("post" .
   [2 0 0 0])
  ("update" .
   [1 0 0 0 0 0])
  ("status" .
   [3 0 0 0 0 1])
  ("st" .
   [3 0])
  ("uid" .
   [3 0 0])
  ("get" .
   [3 0 0])
  ("user_timeline" .
   [0 0 0 0 0 0 1 0 0 2 0 0 0])
  ("statuses" .
   [1 0 0 1 0 0 0 6])
  ("client" .
   [4 0 0 1 0 0])
  ("python-settings" .
   [0 0 0 0 0 0 0 1 0 0 0 0 0 0 0])
  ("exists" .
   [1 0 0 0 0 0])
  ("load-library" .
   [0 0 0 0 0 0 0 0 1 0 0 0])
  ("sql" .
   [1 0 0])
  ("b" .
   [2])
  ("Output*" .
   [0 0 0 0 0 1 0])
  ("Command" .
   [1 0 0 0 0 0 0])
  ("*Shell" .
   [1 0 0 0 0 0])
  ("directory" .
   [0 0 0 0 0 0 0 0 1])
  ("files" .
   [1 0 0 0 0])
  ("all" .
   [1 0 0])
  ("my" .
   [1 0])
  ("download" .
   [1 0 0 0 0 0 0 0])
  ("my-add-subdirs-to-load-path" .
   [1 0 0 0 0 0 0 0 0 0 0 0 0 0 0 0 0 0 0 0 0 0 0 0 0 0 0])
  ("js2-enter-indents-newline" .
   [0 0 0 0 0 0 0 0 0 0 0 0 0 1 0 0 1 0 0 0 0 0 0 0 0])
  ("customize-set-variable" .
   [0 0 0 0 0 0 0 0 0 0 0 0 0 1 0 0 0 1 0 0 0 1])
  ("js2-indent-on-enter-key" .
   [2 0 0 0 0 0 0 0 0 0 0 0 0 0 0 0 0 0 0 1 0 0 0])
  ("inputNumber" .
   [0 0 0 0 0 0 1 0 0 0 0])
  ("is" .
   [1 0])
  ("you" .
   [1 0 0])
  ("println" .
   [1 0 0 0 0 0 1])
  ("out" .
   [2 0 0])
  ("System" .
   [3 0 0 0 0 0])
  ("Scanner" .
   [2 0 0 0 0 0 0])
  ("imp" .
   [1 0 3])
  ("toggle-comment-on-current-line" .
   [0 0 0 0 0 0 0 0 0 0 0 0 0 0 1 0 0 0 0 0 0 0 0 0 0 0 0 0 0 0])
  ("kbd" .
   [1 0 0])
  ("line-end-position" .
   [0 0 0 0 0 0 0 1 0 0 0 0 0 0 0 0 0])
  ("line-beginning-position" .
   [0 0 0 0 0 0 0 0 0 0 1 0 0 0 0 0 0 0 0 0 0 0 0])
  ("comment-or-uncomment-region" .
   [0 0 0 0 0 0 0 0 0 0 0 1 0 0 0 0 0 0 0 0 0 0 0 0 0 0 0])
  ("toggle" .
   [1 0 0 0 0 0])
  ("misc-functions" .
   [0 0 0 0 0 0 1 0 0 0 0 0 0 0])
  ("slime-settings" .
   [0 0 0 0 0 0 0 0 0 0 0 0 0 1])
  ("slime" .
   [1 0 0 0 0])
  ("auto-complete-mode" .
   [3 0 0 0 0 0 0 0 0 0 0 0 0 0 0 0 0 0])
  ("v" .
   [1])
  ("web-mode-keybinding-settings" .
   [0 0 0 0 0 0 0 0 0 0 0 0 0 1 0 0 0 0 0 0 0 0 0 0 0 0 0 0])
  ("buffer-name" .
   [1 0 0 0 0 0 0 0 0 0 0])
  ("html" .
   [3 0 0 0])
  ("setting" .
   [2 0 0 0 0 0 0])
  ("flycheck" .
   [2 0 0 0 0 0 0 0])
  ("autopair" .
   [0 0 0 0 0 0 1 0])
  (">" .
   [15])
  ("defalias" .
   [0 0 0 0 0 1 0 0])
  ("cc-mode-settings" .
   [0 0 0 0 0 0 0 1 0 0 0 0 0 0 0 0])
  ("cc-mode" .
   [1 0 0 0 0 0 0])
  ("eval-after-load" .
   [2 0 0 0 0 0 0 0 0 0 4 0 0 0 0])
  ("cc" .
   [3 0])
  ("yas-snippet-dirs" .
   [1 0 0 0 0 0 0 1 0 0 0 0 0 0 0 0])
  ("recenter" .
   [2 0 0 0 0 0 0 0])
  ("move-to-window-line" .
   [0 0 0 0 0 0 0 0 0 0 0 0 0 0 0 0 0 0 1])
  ("html-mode-map" .
   [1 0 0 0 0 0 0 0 0 0 0 0 0])
  ("comment" .
   [1 0 0 0 0 0 0])
  ("progn" .
   [1 0 0 0 0])
  ("C-f11" .
   [2 0 0 0 0])
  ("C-f" .
   [2 0 0])
  ("ac-modes" .
   [1 0 0 0 0 0 0 0])
  ("java" .
   [6 0 0 0])
  ("java-mode-hook" .
   [1 0 0 0 0 0 0 0 0 0 0 3 0 0])
  ("java-create-compilation-buffer" .
   [0 0 0 0 0 0 1 1 0 0 0 0 0 0 0 0 0 0 0 0 0 0 0 0 0 0 0 0 0 0])
  ("ac-dictionary-directories" .
   [0 0 0 0 0 0 1 0 0 0 0 0 0 0 0 0 0 0 0 0 0 0 0 0 0])
  ("auto-complete" .
   [0 0 0 0 0 0 0 0 0 0 0 0 1])
  ("java-mode" .
   [7 0 0 0 0 0 0 0 0])
  ("$" .
   [1])
  ("assembly-settings" .
   [0 0 0 0 0 0 0 0 0 0 0 0 0 0 0 0 3])
  ("%s" .
   [2 0])
  ("format" .
   [1 0 0 0 0 0])
  ("compile" .
   [2 0 0 0 0 0 0])
  ("extension" .
   [6 0 0 0 0 1 0 0 0])
  ("equal" .
   [5 0 0 1 1])
  ("dos" .
   [1 0 0])
  ("puts" .
   [1 0 0 0])
  ("my_strappend" .
   [0 0 0 0 0 0 0 1 1 0 0 0])
  ("s2" .
   [2 0])
  ("strcpy" .
   [1 0 0 0 0 0])
  ("s1" .
   [6 0])
  ("temp" .
   [1 0 0 0])
  ("src" .
   [5 0 0])
  ("dest" .
   [9 0 0 0])
  ("system" .
   [3 0 0 0 0 0])
  ("to" .
   [4 0])
  ("*compilation*" .
   [0 0 0 0 1 0 1 0 0 0 0 0 0])
  ("not" .
   [1 0 0])
  ("successful" .
   [0 0 1 0 0 0 0 0 0 0])
  ("and" .
   [3 0 0])
  ("flag" .
   [2 0 0 0])
  ("i" .
   [20])
  ("c" .
   [5])
  ("ctype" .
   [1 0 0 0 0])
  ("hAA" .
   [1 0 0])
  ("WRITE_" .
   [0 0 0 0 0 1])
  ("IO_out" .
   [1 0 0 0 0 0])
  ("IO_en" .
   [2 0 0 0 0])
  ("d600" .
   [3 0 0 0])
  ("STATE_" .
   [1 0 0 0 0 0])
  ("READ_AA" .
   [0 0 0 1 0 1 0])
  ("WRITE_03" .
   [1 0 0 0 0 0 0 1])
  ("WRITE_FC" .
   [0 0 0 0 0 0 0 2])
  ("WRITE_5A" .
   [1 0 0 0 0 0 0 2])
  ("IDLE" .
   [1 0 0 0])
  ("READ_ROM" .
   [0 0 0 1 0 0 0 0])
  ("cnt" .
   [21 0 1])
  ("IO_in" .
   [2 0 0 0 0])
  ("FINISH" .
   [1 0 1 0 0 0])
  ("END" .
   [2 0 0])
  ("b0_1000_0000" .
   [0 0 0 0 2 0 0 0 0 0 0 0])
  ("9" .
   [1])
  ("RST1" .
   [6 0 0 2])
  ("IO_reg" .
   [0 0 0 0 1 0])
  ("data_r" .
   [4 0 0 0 0 0])
  ("d100" .
   [1 0 0 0])
  ("h09" .
   [1 0 0])
  ("h08" .
   [1 0 0])
  ("5" .
   [1])
  ("6" .
   [3])
  ("S7" .
   [1 0])
  ("h07" .
   [1 0 0])
  ("S6" .
   [1 0])
  ("h06" .
   [1 0 0])
  ("S5" .
   [1 0])
  ("S4" .
   [1 0])
  ("h04" .
   [1 0 0])
  ("S3" .
   [3 0])
  ("h03" .
   [1 0 0])
  ("S2" .
   [3 0])
  ("h02" .
   [1 0 0])
  ("S1" .
   [3 0])
  ("S0" .
   [3 0])
  ("S00" .
   [3 0 0])
  ("d500" .
   [2 0 0 0])
  ("20" .
   [11 0])
  ("cnt_1us" .
   [0 0 0 0 0 0 2])
  ("SEL" .
   [2 0 2])
  ("cnt_1us_clear" .
   [0 0 0 0 0 0 0 0 0 0 0 0 5])
  ("PD" .
   [6 1])
  ("RST" .
   [1 0 1])
  ("state" .
   [6 0 0 2 3])
  ("h01" .
   [2 0 0])
  ("h00" .
   [2 0 0])
  ("d25" .
   [1 0 0])
  ("d24" .
   [2 0 0])
  ("clk_1us" .
   [0 0 0 0 0 2 3])
  ("写数据" .
   [0 1 0])
  ("IO" .
   [2 0])
  ("PIOB" .
   [1 0 0 0])
  ("PIOA" .
   [0 0 0 1])
  ("TeX-master" .
   [0 0 0 0 0 0 0 0 0 1])
  ("setq-default" .
   [0 0 0 0 0 0 1 0 0 0 0 0])
  ("LaTeX-mode-hook" .
   [0 1 0 0 0 0 0 0 0 0 0 0 0 0 1])
  ("TeX-parse-self" .
   [0 0 0 0 0 0 1 0 0 0 0 0 0 0])
  ("TeX-auto-save" .
   [0 0 0 0 0 0 0 0 1 0 0 0 0])
  ("lambda" .
   [2 0 0 0 0 0])
  ("set" .
   [1 0 0])
  ("nil" .
   [5 0 0])
  ("use" .
   [1 0 0])
  ("load" .
   [4 0 0 0])
  ("latex-settings" .
   [0 0 0 0 0 0 0 0 0 0 0 0 0 1])
  ("pos_five_bytes_data_finish" .
   [0 0 0 0 0 0 0 0 0 0 0 0 0 0 0 0 0 0 0 0 0 0 0 0 0 2])
  ("rst_n" .
   [2 0 1 1 9])
  ("negedge" .
   [3 0 0 0 0 1 1])
  ("or" .
   [6 0])
  ("five_bytes_data_finish_delay1" .
   [0 0 0 0 0 0 0 0 0 0 0 0 0 0 0 0 0 0 0 0 0 0 0 1 1 0 0 0 14])
  ("five_bytes_data_finish" .
   [0 0 0 0 0 0 0 0 0 0 0 0 0 0 0 0 0 0 2 0 0 2])
  ("tube_head" .
   [0 0 0 0 0 0 1 0 0])
  ("parameter" .
   [0 0 16 1 0 0 1 0 4])
  ("b01010100" .
   [1 0 0 0 0 0 0 0 0])
  ("tube_signal_received_delay2" .
   [1 0 0 0 0 0 0 0 0 0 0 0 0 0 0 0 0 0 0 0 0 0 0 0 0 0 0])
  ("d4" .
   [2 0])
  ("31" .
   [2 0])
  ("d3" .
   [2 0])
  ("16" .
   [2 0])
  ("23" .
   [2 0])
  ("d2" .
   [1 0])
  ("15" .
   [2 0])
  ("five_bytes_data" .
   [0 0 0 0 0 0 0 0 0 0 0 0 0 0 5])
  ("tx_data" .
   [0 0 0 0 2 0 2])
  ("d1" .
   [1 0])
  ("tx_finish" .
   [0 0 0 0 0 1 0 0 0])
  ("cnt_tx_data" .
   [0 0 0 0 0 4 0 1 0 0 3])
  ("2" .
   [2])
  ("b1" .
   [18 0])
  ("tx_en_delay" .
   [0 0 0 0 0 0 0 0 0 0 4])
  ("b0" .
   [16 0])
  ("tx_en_delay4" .
   [0 0 0 0 0 0 0 1 0 0 0 2])
  ("tx_en_delay3" .
   [0 0 0 0 0 0 0 0 0 0 0 3])
  ("five_bytes_data_finish_delay" .
   [0 0 0 0 0 0 0 0 0 0 0 0 0 0 0 0 0 0 0 0 0 0 0 0 0 1 0 0])
  ("driverEN" .
   [0 0 0 0 0 0 0 2])
  ("pul" .
   [1 0 0])
  ("EN" .
   [1 0])
  ("driver" .
   [1 0 0 0 0 0])
  ("verilog-mode-hook" .
   [0 0 0 0 0 0 0 0 0 0 0 0 0 0 1 0 0])
  ("a" .
   [17])
  ("print" .
   [1 0 0 0 2])
  ("fread" .
   [1 0 0 0 0])
  ("short" .
   [1 0 0 0 0])
  ("unsigned" .
   [1 0 0 0 0 0 0 1])
  ("semantic-ia-fast-jump" .
   [0 0 0 0 0 0 0 0 0 0 0 0 1 0 0 0 0 0 0 0 0])
  ("0" .
   [19])
  ("com" .
   [1 0 0])
  ("My" .
   [1 0])
  ("requ" .
   [0 0 0 1])
  ("newline-and-indent" .
   [0 0 0 1 0 0 0 1 0 0 0 0 0 0 0 0 0 0])
  ("RET" .
   [2 0 0])
  ("global-set-key" .
   [0 0 0 0 0 0 0 0 0 0 0 0 0 4])
  ("add-hook" .
   [7 0 0 0 2 4 0 1])
  ("add-to-list" .
   [7 0 0 1 0 0 2 2 0 0 0])
  ("here" .
   [3 0 0 0])
  ("ends" .
   [3 0 0 0])
  ("js-settings.el" .
   [0 0 0 0 0 0 0 0 0 0 0 0 0 1])
  ("provide" .
   [2 0 0 2 0 0 0])
  ("js-settings" .
   [0 0 0 1 0 0 0 0 0 0 2])
  ("namespace" .
   [0 0 0 0 0 0 0 0 1])
  ("using" .
   [1 0 0 0 0])
  ("string" .
   [1 0 0 0 0 0])
  ("iostream" .
   [1 0 0 0 0 0 0 0])
  ("~/MinGW/" .
   [0 0 0 0 0 1 0 0])
  ("lable" .
   [0 0 1 0 0])
  ("QLable" .
   [0 0 1 1 0 0])
  ("app" .
   [2 0 0])
  ("window" .
   [10 0 0 1 1 0])
  ("QWidget" .
   [1 0 0 2 0 0 0])
  ("argv" .
   [1 0 0 0])
  ("argc" .
   [0 0 0 1])
  ("QApplication" .
   [1 0 0 0 1 0 0 0 0 0 0 0])
  ("main" .
   [2 0 5 0])
  ("include" .
   [2 0 1 0 0 0 0])
  ("inc" .
   [17 0 12])
  ("List" .
   [3 0 0 0])
  ("result" .
   [1 0 0 0 1 0])
  ("search" .
   [3 0 0 0 0 0])
  ("n" .
   [8])
  ("scanf" .
   [4 0 1 0 1])
  ("for" .
   [5 0 1])
  ("return" .
   [5 0 0 0 0 0])
  ("else" .
   [16 0 0 0])
  ("if" .
   [24 3])
  ("list" .
   [2 0 0 0])
  ("NODE" .
   [9 0 0 0])
  ("value" .
   [3 0 0 0 0])
  ("printf" .
   [1 0 16 1 0 2])
  ("next" .
   [5 0 0 0])
  ("while" .
   [4 0 0 1 0])
  ("require" .
   [18 0 0 2 0 3 0])
  ("QLabel" .
   [2 0 0 0 0 0])
  ("label" .
   [1 0 0 0 0])
  ("QPushButton" .
   [0 0 1 0 0 1 0 0 0 0 0])
  ("button" .
   [1 0 1 0 0 0])
  ("show" .
   [2 0 0 0])
  ("QSpinBox" .
   [0 0 0 0 0 1 1 0])
  ("new" .
   [3 0 0])
  ("spinbox" .
   [2 0 0 1 1 1 0])
  ("setRange" .
   [0 0 0 0 1 0 0 0])
  ("130" .
   [1 0 0])
  ("QObject" .
   [0 0 0 1 0 0 0])
  ("SIGNAL" .
   [1 0 0 0 0 0])
  ("SLOT" .
   [1 0 0 0])
  ("slider" .
   [2 0 1 1 0 0])
  ("setValue" .
   [0 0 0 0 0 0 1 0])
  ("QHBoxLayout" .
   [0 0 1 1 0 0 0 0 0 0 0])
  ("layout" .
   [1 0 0 1 0 0])
  ("QSlider" .
   [1 0 0 0 0 0 2])
  ("3" .
   [6])
  ("js-mode" .
   [3 0 1 0 0 0 0])
  ("Javascript-mode" .
   [0 0 0 0 0 1 0 0 0 0 0 0 0 0 0])
  ("auto-mode-alist" .
   [1 0 0 0 0 0 0 0 0 1 1 3 0 0 1])
  (".js$" .
   [1 0 0 0])
  ("js2-mode" .
   [2 0 0 0 0 0 0 0])
  ("stdio" .
   [4 0 0 0 0])
  ("hello" .
   [0 1 0 0 0])
  ("stdlib" .
   [4 0 0 0 0 0])
  ("h" .
   [6])
  ("typedef" .
   [0 0 0 0 0 1 0])
  ("struct" .
   [1 0 0 0 0 0])
  ("_NODE" .
   [1 0 0 0 0])
  ("char" .
   [23 0 0 0])
  ("8" .
   [16])
  ("int" .
   [8 0 0])
  ("userID" .
   [3 0 0 0 0 0])
  ("average" .
   [0 0 0 0 0 1 0])
  ("passward" .
   [2 0 0 0 0 0 0 0])
  ("The" .
   [2 0 0])
  ("size" .
   [1 0 0 0])
  ("the" .
   [6 0 0])
  ("1" .
   [18])
  ("24" .
   [3 0])
  ("FILE" .
   [1 0 0 0])
  ("p" .
   [8])
  ("fp" .
   [3 0])
  ("stu" .
   [3 0 0])
  ("Please" .
   [2 0 0 0 0 0])
  ("input" .
   [9 0 0 1 1])
  ("number" .
   [2 0 0 0 0 0])
  ("d" .
   [13])
  ("stdNum" .
   [2 0 0 0 2 0])
  ("malloc" .
   [2 0 1 0 0 0])
  ("s" .
   [7])
  ("sizeof" .
   [2 0 0 0 0 0])
  ("std" .
   [2 0 0])
  ("fopen" .
   [1 0 0 0 0])
  ("text" .
   [8 0 0 0])
  ("dat" .
   [1 0 0])
  ("wb" .
   [1 0])
  ("NULL" .
   [1 0 0 0])
  ("file" .
   [5 0 0 0])
  ("exit" .
   [1 0 0 0])
  ("information" .
   [1 0 0 0 0 0 0 0 0 0 0])
  ("of" .
   [1 0])
  ("student" .
   [1 0 0 0 0 0 0])
  ("remark" .
   [1 0 0 0 0 0])
  ("verilog-mode" .
   [5 0 0 0 0 0 0 0 0 0 0 2])
  ("autoload" .
   [0 0 0 0 0 1 0 2])
  ("Verilog-mode" .
   [1 0 0 0 0 0 0 0 0 0 0 0])
  ("/" .
   [1])
  ("." .
   [5])
  ("ds" .
   [1 0])
  ("?vh?" .
   [0 0 0 1])
  ("setq" .
   [15 0 0 0])
  ("verilog-indent-level" .
   [0 0 0 0 0 0 0 0 0 0 0 0 0 0 0 0 0 0 0 1])
  ("4" .
   [7])
  ("am-add-hooks" .
   [0 0 0 0 0 0 1 0 0 0 0 0])
  ("matlab" .
   [2 0 0 1 0 0])
  ("t" .
   [22])
  ("matlab-mode" .
   [3 0 0 0 0 0 0 1 0 0 0])
  ("clk" .
   [10 0 0])
  ("rx" .
   [4 0])
  ("output" .
   [3 0 0 0 0 0])
  ("tx" .
   [2 0])
  ("wire" .
   [9 0 0 0])
  ("reg" .
   [10 0 0])
  ("7" .
   [5])
  ("rx_data" .
   [2 0 0 0 0 0 1])
  ("rx_int" .
   [1 0 0 0 0 1])
  ("baud" .
   [2 0 0 0])
  ("baud_rx" .
   [1 0 0 0 0 0 1])
  ("bps_start1" .
   [1 0 0 0 0 0 0 0 0 0])
  ("bps_start_pulseEN" .
   [0 0 0 0 0 0 0 0 0 0 0 3 0 0 0 0 0])
  ("clk_bps_pulseEN" .
   [0 0 0 0 0 0 0 0 0 2 0 0 0 0 1])
  ("rs232_rx" .
   [1 0 0 0 0 0 0 1])
  ("bps_start" .
   [0 0 0 0 0 0 0 0 4])
  ("clk_bps" .
   [0 0 0 0 0 0 4])
  ("case" .
   [6 0 0 0])
  ("d0" .
   [6 0])
  ("begin" .
   [50 0 1 1 0])
  ("end" .
   [50 0 0])
  ("bps_start_tubeEN" .
   [0 0 0 0 0 0 0 0 0 0 0 1 0 0 0 0])
  ("clk_bps_tubeEN" .
   [0 0 0 0 0 0 0 0 0 1 0 0 0 0])
  ("endmodule" .
   [1 0 0 0 0 0 0 0 2])
  ("default" .
   [2 0 1 1 2 0 0])
  ("endcase" .
   [1 0 0 2 2 2 0])
  ("always" .
   [6 0 0 0 0 0])
  ("posedge" .
   [5 0 0 0 1 0 0])
  ("assign" .
   [4 0 0 0 0 0])
  ("rx_finish" .
   [1 0 0 0 0 0 0 0 0])
  ("rx_num" .
   [1 0 0 0 0 0])
  ("d9" .
   [1 0])
  ("STATE_END" .
   [0 0 0 0 0 0 0 4 0])
  ("tube_signal_received" .
   [0 0 1 0 0 0 1 0 0 0 0 0 0 0 0 0 0 0 0 0])
  ("TxDFSM_en" .
   [1 0 0 0 1 0 0 0 0])
  ("TxDFSM_en_delay1" .
   [0 0 0 0 0 0 0 0 0 0 0 0 0 0 0 2])
  ("TxDFSM_en_delay" .
   [0 0 0 0 0 0 0 0 0 0 0 0 0 0 6])
  ("TxDFSM" .
   [0 0 0 0 0 1])
  ("pos_TxDFSM_en" .
   [0 0 0 0 1 0 0 1 0 0 0 0 0])
  ("latex-settings.el" .
   [0 0 0 1 0 0 0 0 0 0 0 0 0 0 0 0 1])
  ("LaTeX-math-mode" .
   [0 0 1 0 0 0 0 0 0 0 0 0 0 0 0])
  ("turn-on-reftex" .
   [0 0 0 0 1 0 0 0 0 0 0 0 0 0])
  ("visual-line-mode" .
   [0 0 0 0 1 0 0 0 0 0 0 0 0 0 0 0])
  ("module" .
   [1 0 0 0 0 0])
  ("cnt_data_bit" .
   [0 0 0 0 0 4 0 0 1 0 0 2])
  ("data_w" .
   [1 0 0 0 0 1])
  ("d7" .
   [7 0])
  ("b0_0100_0000" .
   [0 0 0 0 0 0 0 0 0 0 0 1])
  ("d6" .
   [1 0])
  ("等待100us" .
   [0 0 0 0 0 1 0])
  ("释放总线" .
   [0 0 1 0])
  ("WRITE_CC" .
   [1 0 0 0 0 0 0 3])
  ("d400" .
   [3 0 0 0])
  ("CCh" .
   [1 0 0])
  ("STATE_IDLE" .
   [1 0 0 0 0 0 0 6 0 1])
  ("13" .
   [10 0])
  ("b0_0000_0000_0001" .
   [1 0 0 0 0 0 0 0 0 0 0 0 0 0 0 0 0])
  ("b0_0000_" .
   [4 0 1 0 0 0 0 0])
  ("b0_0001_0000_0000" .
   [0 0 0 0 0 0 0 0 0 0 0 0 0 0 1 0 0])
  ("12" .
   [1 0])
  ("CurrentState" .
   [0 0 2 0 0 0 0 1 0 0 0 1])
  ("NextState" .
   [0 11 2 1 0 0 0 0 0])
  ("LNode" .
   [0 0 2 0 0])
  ("windows" .
   [1 0 0 0 0 0 0])
  ("~/.emacs.d/lisps/" .
   [0 0 0 0 0 0 0 0 0 0 0 0 0 1 1 0 0])
  ("jde" .
   [4 0 0])
  ("malabar-mode" .
   [0 0 0 0 0 0 0 0 0 0 0 2])
  (".java" .
   [1 0 0 0 0])
  ("get-buffer-create" .
   [0 0 0 0 0 0 0 0 0 0 0 0 2 0 0 0 0])
  ("let" .
   [1 0 0])
  ("jde-mode-hook" .
   [0 0 0 0 0 0 0 0 0 0 3 0 0])
  ("iasm-mode" .
   [0 0 0 0 0 0 0 0 1])
  ("C-x" .
   [6 0 0])
  ("other-window" .
   [2 0 0 0 0 0 0 0 0 0 0 4])
  ("C-n" .
   [1 0 0])
  ("switch" .
   [2 0 0 0 0 0])
  ("defun" .
   [9 0 0 0 0])
  ("other-window-backward" .
   [0 0 0 0 0 0 0 0 0 0 0 0 0 0 1 0 0 0 0 0 0])
  ("C-p" .
   [1 0 0])
  ("previous" .
   [0 0 0 0 0 0 0 1])
  ("interactive" .
   [1 0 0 0 0 0 0 0 0 0 3])
  ("-" .
   [4])
  ("other-frame" .
   [0 0 0 0 0 0 0 0 0 0 1])
  ("prefix-numeric-value" .
   [0 0 0 0 0 0 0 1 0 0 0 0 0 0 0 0 0 0 0 0])
  ("P" .
   [2])
  ("ticket" .
   [0 0 0 0 0 1])
  ("tasm" .
   [1 0 0 0])
  ("shell" .
   [4 0 0 0 0])
  ("split-window" .
   [0 0 0 0 0 0 0 0 0 0 0 1])
  ("split-window-right" .
   [1 0 0 0 0 0 0 0 0 0 0 0 0 0 0 0 0 0])
  ("switch-to-buffer" .
   [0 0 0 0 0 0 0 0 0 0 0 0 0 0 0 2])
  ("file-name-nondirectory" .
   [0 0 0 0 0 0 0 0 0 0 0 0 0 0 1 0 0 0 0 0 0 0])
  ("S" .
   [1])
  ("switch-to-buffer-other-window" .
   [0 0 0 0 0 0 0 0 0 0 0 0 1 0 0 0 0 0 0 0 0 0 0 0 1 0 0 0 0])
  ("asm86-mode" .
   [1 0 0 1 0 0 0 0 0 1])
  (".asm" .
   [1 0 0 0])
  ("current-time-string" .
   [1 0 0 0 0 0 0 0 0 0 0 0 0 0 0 0 0 0 0])
  ("load-path" .
   [1 0 0 0 0 0 0 0 0])
  ("concat" .
   [1 0 0 0 0 0])
  ("my-emacs-path" .
   [0 0 0 0 0 0 0 0 0 0 0 0 1])
  ("lisps/yasnippet/snippets" .
   [0 0 0 0 0 1 0 0 0 0 0 0 0 0 0 0 0 0 0 0 0 0 0 0])
  ("in" .
   [5 1])
  ("linux" .
   [1 0 0 0 0])
  ("c-basic-offset" .
   [0 0 0 0 0 0 0 0 0 1 0 0 0 0])
  ("tab-width" .
   [0 0 0 0 0 0 0 2 0])
  ("indent-tabs-mode" .
   [0 0 0 0 0 0 0 0 0 0 1 1 0 0 0 0])
  ("c-set-style" .
   [0 0 0 0 0 0 0 0 0 0 1])
  ("stroustrup" .
   [0 0 0 0 0 1 0 0 0 0])
  ("make-local-variable" .
   [0 0 0 0 0 0 0 0 0 0 1 0 0 0 0 0 0 0 0])
  ("skeleton-pair-alist" .
   [0 0 0 0 0 1 0 0 0 0 0 0 0 0 0 0 0 0 0])
  ("c-mode-common-hook" .
   [0 0 0 0 0 0 0 0 0 0 0 0 0 0 0 0 0 1])
  ("c-mode-auto-pair" .
   [0 0 0 0 0 0 0 0 0 0 1 0 0 0 0 0])
  ("pr" .
   [1 1])
  ("c++-mode" .
   [0 0 0 0 0 0 0 1])
  ("web-settings" .
   [0 0 0 0 0 0 0 0 0 0 0 2])
  ("web-mode" .
   [2 0 0 0 0 0 0 1])
  ("Settings" .
   [3 0 0 0 0 0 0 0])
  ("eal-define-keys" .
   [1 0 0 0 0 0 0 0 0 0 0 0 0 0 1])
  ("C-c" .
   [2 0 0])
  ("browse-url-of-file" .
   [1 0 0 0 0 0 0 0 0 0 0 0 0 0 0 0 0 1])
  ("web-key-settings" .
   [0 0 0 0 0 0 1 0 0 0 0 0 0 0 0 0])
  ("web-mode-hook" .
   [1 0 0 0 0 0 0 0 0 0 0 0 1])
  ("web-mode-map" .
   [3 0 0 0 0 0 0 0 0 0 0 0])
  ("eal-define-key" .
   [0 0 0 0 0 0 1 0 0 0 0 0 0 0])
  ("C-v" .
   [1 0 0])
  ("my-web-mode-keybinding" .
   [0 0 0 0 0 0 0 0 0 0 0 0 0 0 1 0 0 0 0 0 0 0])
  ("C-F11" .
   [1 0 0 0 0])
  ("java-mode-settings" .
   [0 0 0 0 0 0 0 0 0 0 0 0 2 0 0 0 0 0])
  ("java-mode-setting" .
   [0 0 0 0 0 0 0 0 0 0 0 0 1 0 0 0 0])
  ("flycheck-settings" .
   [0 0 0 0 0 0 0 0 0 0 0 1 0 0 0 0 0])
  ("Demo" .
   [1 0 0 0])
  ("class" .
   [1 0 0 0 0])
  ("TestMain" .
   [1 0 0 0 0 0 0 0])
  ("args" .
   [2 0 0 0])
  ("js2" .
   [1 0 0])
  ("other-buffer" .
   [0 0 0 0 0 0 0 1 0 0 0 0])
  ("JApplet" .
   [0 0 1 0 0 0 0])
  ("javax" .
   [1 0 0 0 0])
  ("swing" .
   [1 0 0 0 0])
  ("JLabel" .
   [0 0 1 0 0 0])
  ("lang" .
   [1 0 0 0])
  ("Thread" .
   [0 0 0 0 0 1])
  ("sql-mode-hook" .
   [0 0 0 0 0 0 0 0 0 0 1 0 0])
  ("r" .
   [3])
  ("real_path" .
   [0 0 0 0 0 1 0 0 0])
  ("package-initialize" .
   [0 0 0 0 0 0 0 0 0 0 1 0 0 0 0 0 0 0])
  ("wid" .
   [10 0 0])
  ("destroy" .
   [0 0 0 1 0 0 0])
  ("access_token" .
   [0 0 0 0 0 0 0 0 0 0 0 6])
  ("imghdr" .
   [0 0 1 0 0 0])
  ("electric" .
   [0 0 0 0 1 0 0 0])
  ("electric-pair-mode" .
   [0 0 0 0 0 0 0 0 0 0 0 0 0 0 0 0 0 1])
  ("temp1" .
   [1 0 0 0 0])
  ("tmp1" .
   [3 0 0 0])
  ("tmp2" .
   [3 0 0 0])
  ("user_statuses_text" .
   [0 0 0 0 0 0 4 0 0 0 0 0 0 0 0 0 0 0])
  ("扇贝打卡" .
   [0 0 1 0])
  ("filename" .
   [1 0 0 0 0 0 0 0])
  ("path" .
   [2 0 0 0])
  ("custom-theme-load-path" .
   [0 0 0 0 0 0 0 0 0 0 0 0 0 0 0 0 0 0 0 0 0 1])
  ("~/.emacs.d/lisps/molokai-theme/" .
   [0 0 0 0 0 0 0 0 0 0 0 0 0 0 0 0 0 0 0 0 1 0 0 0 0 0 0 0 0 0 0])
  ("wakatime-mode" .
   [0 0 0 0 0 0 1 0 0 0 0 0 0])
  ("wakatime-settings" .
   [0 0 0 0 0 0 0 0 0 0 0 0 0 0 0 0 1])
  ("customize" .
   [1 0 0 0 0 0 0 0 0])))
